82 66
82 99
82 132
82 165
82 197
82 229
82 262
87 274
82 296
87 306
87 339
87 371
87 406
87 437
87 470
87 503
80 527
80 557
80 590
80 624
80 658
80 690
80 723
80 755
374 166
374 200
374 233
374 267
374 299
374 332
374 366
372 391
374 399
372 425
372 456
372 489
372 522
372 554
372 587
371 619
384 660
384 691
384 724
384 757
384 790
384 822
384 855
384 888
649 150
649 183
649 215
649 248
649 280
649 313
649 345
649 378
649 405
649 437
649 471
649 503
649 535
649 568
649 600
649 633
621 641
621 674
621 707
621 739
621 771
621 804
621 837
621 870